%YAML:1.0
points: !!opencv-matrix
   rows: 300
   cols: 2
   dt: f
   data: [ -5.12690246e-001, 8.93457651e-001, -1.06877160e+000,
       9.75000709e-002, -8.10992718e-001, 7.09244251e-001,
       9.52088833e-001, 4.95029628e-001, 1.06866944e+000,
       2.78940592e-002, 6.85802698e-001, 7.88300872e-001,
       -6.21756256e-001, 8.68950307e-001, -1.00489163e+000,
       4.24191356e-001, -8.80782783e-001, 5.28851867e-001,
       -4.15496707e-001, 9.11863685e-001, -9.01026011e-001,
       5.18544257e-001, -7.60546446e-001, 6.85472846e-001,
       -9.00435567e-001, 4.66490835e-001, 1.06424916e+000,
       2.56293893e-001, -9.94396925e-001, 2.03982368e-001,
       -8.81364882e-001, 4.93530244e-001, -8.17638695e-001,
       5.83425403e-001, -9.51688707e-001, 4.68735129e-001,
       -9.35710490e-001, 3.91112298e-001, -1.46377549e-001,
       1.02392304e+000, -8.80728588e-002, 1.08008170e+000,
       -1.02189982e+000, 1.20524116e-001, 2.15842307e-001,
       9.87194598e-001, 4.35718670e-002, 1.01110995e+000,
       4.97720927e-001, 9.19633150e-001, -9.71329212e-001,
       4.01276559e-001, 7.60645270e-001, 6.97322607e-001,
       8.92483890e-001, 4.63449329e-001, -2.07053363e-001,
       1.07333076e+000, -9.97394085e-001, 4.09465700e-001,
       -6.16586626e-001, 8.71685505e-001, 3.59385520e-001,
       1.03035021e+000, 1.06043136e+000, 2.02851981e-001,
       -5.53746343e-001, 8.96936715e-001, -6.64856493e-001,
       8.61349642e-001, -7.17180192e-001, 7.46357799e-001,
       7.03681409e-001, 8.26556265e-001, -1.01785672e+000,
       3.55046004e-001, -8.47322702e-001, 6.72844350e-001,
       6.17457211e-001, 8.90001893e-001, -7.52366662e-001,
       6.68688059e-001, 4.66789544e-001, 9.94457901e-001,
       -1.30933017e-001, 1.01389468e+000, -1.05844259e+000,
       2.42114216e-001, 1.07243609e+000, 5.36871217e-002,
       -6.43371463e-001, 8.86898279e-001, -9.13743138e-001,
       4.81812209e-001, -6.19008064e-001, 8.50370407e-001,
       -1.01952279e+000, 2.77702421e-001, 9.97732997e-001,
       3.89066428e-001, 1.46441892e-001, 9.97638047e-001,
       -1.03604615e+000, 1.54072821e-001, -9.27205801e-001,
       4.37077641e-001, 2.99610496e-001, 1.01196647e+000,
       -2.67276198e-001, 1.02961338e+000, -8.56516719e-001,
       6.80924416e-001, 5.06614566e-001, 8.62694263e-001,
       -7.20268905e-001, 8.00541580e-001, 7.27274895e-001,
       7.09368885e-001, -8.80184233e-001, 5.08217514e-001,
       3.00752789e-001, 9.65919673e-001, 7.91120648e-001,
       6.19180799e-001, 4.94107217e-001, 9.14996445e-001,
       1.00133836e+000, 1.64904028e-001, -1.07441270e+000,
       7.24636540e-002, 9.09136355e-001, 5.23570478e-001,
       3.65732372e-001, 1.02778244e+000, -8.81315887e-001,
       4.75511521e-001, -9.44023848e-001, 4.21519250e-001,
       3.26387972e-001, 1.01240468e+000, -4.41871911e-001,
       9.68732893e-001, -9.43254411e-001, 5.24639368e-001,
       -5.59786141e-001, 8.93076003e-001, 6.87667668e-001,
       7.82840371e-001, 8.54787707e-001, 6.91923440e-001,
       -1.96693555e-001, 1.02038193e+000, 5.57105197e-003,
       1.05765009e+000, -1.07478523e+000, 7.15420619e-002,
       -1.01541626e+000, 5.59382513e-002, 7.14148581e-001,
       7.85540700e-001, 1.03331780e+000, 3.03492337e-001,
       1.02119315e+000, 3.72654676e-001, 1.02012539e+000,
       2.33097181e-001, 7.49877214e-001, 6.97194457e-001,
       8.68684947e-002, 1.00937986e+000, 6.50483668e-001,
       8.49805951e-001, -8.14514160e-001, 6.00000978e-001,
       -5.10371983e-001, 8.69971454e-001, 9.92687345e-001,
       3.59168500e-001, -1.01111281e+000, 2.55303025e-001,
       -8.04705441e-001, 7.35738218e-001, 1.01342881e+000,
       3.89248207e-002, 9.77270126e-001, 2.34958678e-001,
       -5.24061859e-001, 9.58343267e-001, -8.20628226e-001,
       7.13805079e-001, 6.14393592e-001, 8.39834154e-001,
       5.08314073e-001, 9.19203162e-001, 9.84285235e-001,
       2.97238261e-001, 9.94220853e-001, 1.30959272e-001,
       -9.88217533e-001, 4.07983214e-001, -4.87047851e-001,
       9.48207736e-001, -3.90084773e-001, 9.75538850e-001,
       9.59014177e-001, 4.92994219e-001, -4.68215406e-001,
       9.44799185e-001, -1.08144069e+000, 3.59698758e-002,
       4.65262651e-001, 9.40680861e-001, -4.20059310e-003,
       1.03009772e+000, 1.06345248e+000, 9.24768224e-002,
       1.00716710e+000, 1.59032941e-001, 4.30798501e-001,
       9.26117837e-001, 9.85220671e-001, 2.84218907e-001,
       -8.35164189e-001, 5.68819821e-001, -8.47534776e-001,
       5.48788965e-001, -9.10039723e-001, 5.79996049e-001,
       -1.07126796e+000, 4.61255722e-002, 1.05044580e+000,
       3.56527455e-002, -7.54411876e-001, 7.02984750e-001,
       1.02105439e+000, 1.16258197e-001, -8.50316048e-001,
       6.72190309e-001, 7.00148225e-001, 8.06574464e-001,
       4.32869762e-001, 9.22248542e-001, 7.97830582e-001,
       6.90735400e-001, 5.09725809e-001, 8.77426624e-001,
       -5.26228547e-001, 9.60688829e-001, -5.57703555e-001,
       8.80790353e-001, -9.22956049e-001, 5.68067253e-001,
       1.76541470e-002, 1.04011321e+000, -8.92841399e-001,
       6.28886282e-001, -9.91145730e-001, 2.37087712e-001,
       -2.38915402e-002, 1.07718599e+000, -6.08620942e-001,
       8.68266344e-001, -8.77850235e-001, 6.01666391e-001,
       -9.92381036e-001, 2.41570815e-001, -9.60866630e-001,
       3.76782626e-001, -1.01762450e+000, 2.34909326e-001,
       -8.19779098e-001, 7.26142287e-001, -1.02777612e+000,
       1.65141970e-001, -7.38376856e-001, 7.95022368e-001,
       -7.48224735e-001, 7.16799557e-001, -4.08797681e-001,
       9.59505558e-001, 9.33780730e-001, 5.38817048e-001,
       9.90594506e-001, 2.98485845e-001, 8.71045947e-001,
       5.93731761e-001, -1.02374399e+000, 3.29074919e-001,
       -1.01573682e+000, 4.00686264e-001, 1.04046512e+000,
       1.37177408e-002, 1.84210148e-002, 1.06965590e+000,
       -3.08195241e-002, 1.03752804e+000, 7.32393086e-001,
       6.95410073e-001, 1.60136238e-001, 1.02683270e+000,
       1.46059954e+000, -4.51401293e-001, 1.26567912e+000,
       -7.38149583e-001, 5.05698740e-001, -1.01236534e+000,
       1.55553985e+000, -9.97224003e-002, 1.54446036e-001,
       -1.02413809e+000, 1.43284786e+000, -4.02348638e-001,
       7.34181583e-001, -1.06481969e+000, -4.54135478e-001,
       -3.99580449e-001, 2.59438008e-001, -1.01686132e+000,
       -1.01529106e-001, -8.41743052e-001, -5.48398972e-001,
       -4.62535098e-002, -5.32240391e-001, -3.23755145e-002,
       1.57636893e+000, -1.62166402e-001, 1.51093745e+000,
       -2.75737971e-001, -4.31754768e-001, -4.13975805e-001,
       8.79759312e-001, -1.01449454e+000, 1.59094465e+000,
       -3.73561233e-002, -5.90845227e-001, -2.71021333e-002,
       -5.76713800e-001, -2.61882469e-002, 1.02022922e+000,
       -8.98664057e-001, 8.44604820e-002, -9.33429599e-001,
       -4.99238014e-001, -4.23562109e-001, -3.65933537e-001,
       -5.26364923e-001, 1.74936250e-001, -9.70044732e-001,
       1.37487447e+000, -5.75615466e-001, 1.47596920e+000,
       -4.89780635e-001, 2.08333898e-002, -9.64770377e-001,
       7.61417389e-001, -1.03998458e+000, 1.59030533e+000,
       -2.94919824e-003, -7.52380565e-002, -8.73435915e-001,
       7.83422709e-001, -9.98482466e-001, 1.09661257e+000,
       -8.93928230e-001, -4.97131228e-001, -3.88369352e-001,
       1.17179620e+000, -7.56869972e-001, -5.47665179e-001,
       -2.28478462e-001, 1.22545147e+000, -8.04463923e-001,
       6.90136731e-001, -9.91945386e-001, 8.19071174e-001,
       -1.03134942e+000, 2.35211655e-001, -9.84716952e-001,
       -3.81327450e-001, -6.39572382e-001, -2.00423434e-001,
       -7.96629369e-001, -4.57999706e-001, -3.83384794e-001,
       6.79957926e-001, -1.05048192e+000, 1.46424711e+000,
       -4.88645583e-001, 1.14557695e+000, -8.75563502e-001,
       -1.99902579e-001, -8.23098361e-001, 1.11319172e+000,
       -7.93878973e-001, -2.49307230e-001, -7.73562610e-001,
       -2.00916782e-001, -8.46875072e-001, -4.81170475e-001,
       -4.74520534e-001, 1.42921531e+000, -4.55038249e-001,
