%YAML:1.0
points: !!opencv-matrix
   rows: 450
   cols: 2
   dt: f
   data: [ 9.77976203e-001, -3.98846120e-001, -1.02255714e+000,
       -2.41555631e-001, -9.60876942e-001, 3.34485322e-001,
       -5.57402372e-001, -8.48558247e-001, 1.00948727e+000,
       -3.46461177e-001, 1.04307759e+000, -3.36887360e-001,
       5.51993370e-001, -9.49349821e-001, -7.07933366e-001,
       7.74794459e-001, -9.08029914e-001, -6.00554466e-001,
       1.70352280e-001, 9.98289943e-001, 1.52090788e-001,
       1.03626835e+000, 2.65895784e-001, -1.05613911e+000,
       6.52840674e-001, 8.22031319e-001, -1.00360262e+000,
       -2.99084038e-001, -7.71615684e-001, 7.49807656e-001,
       -1.05766022e+000, 1.52479738e-001, 8.75076413e-001,
       5.81177056e-001, 9.99475121e-001, 2.04221204e-001,
       8.23119879e-001, -6.04826927e-001, 1.02519727e+000,
       -2.67870098e-001, -9.56378102e-001, -3.68662924e-001,
       -9.86387968e-001, -1.80765629e-001, -9.74013269e-001,
       2.41488367e-001, 1.00303304e+000, -4.81456082e-004,
       2.31918961e-001, -9.89093006e-001, -1.30886972e-001,
       1.01249576e+000, -1.03774226e+000, 1.64016783e-001,
       -1.64875224e-001, -1.00321674e+000, 1.66084468e-002,
       1.02747345e+000, 9.51919556e-001, 3.17313641e-001,
       2.47103274e-002, -1.09679329e+000, -7.78285325e-001,
       6.61836743e-001, 7.20755160e-001, 7.56293297e-001,
       -4.66906190e-001, 9.77783203e-001, 6.57637179e-001,
       8.59327078e-001, -5.22865534e-001, 8.70444059e-001,
       2.02554241e-001, 9.95305240e-001, -4.74649817e-001,
       -9.89892244e-001, 2.87939548e-001, -1.04721451e+000,
       5.91842607e-002, 1.02434993e+000, 8.75786185e-001,
       -5.51516950e-001, -3.38433713e-001, 9.99601007e-001,
       -1.07597995e+000, 9.08474177e-002, -1.00528336e+000,
       1.57635912e-001, 4.15228665e-001, 9.39565718e-001,
       9.77814734e-001, -3.91573220e-001, 7.87725031e-001,
       6.33979440e-001, 9.61330414e-001, -4.41181123e-001,
       -2.33334750e-001, -1.00520158e+000, -3.05506736e-001,
       1.03691614e+000, -1.00751841e+000, -4.40451831e-001,
       -8.89351547e-001, 5.75653374e-001, -6.20654464e-001,
       -7.94572413e-001, 3.98607880e-001, -9.60504770e-001,
       -7.02286124e-001, -7.55819798e-001, -4.96272147e-002,
       -1.07284606e+000, -2.44406492e-001, 9.98423398e-001,
       1.00111496e+000, 2.49171555e-001, 1.07883441e+000,
       -1.81515396e-001, 6.29484713e-001, 8.59164119e-001,
       9.68920708e-001, -2.81244427e-001, 1.05616510e+000,
       -2.66062766e-001, -4.26302940e-001, 9.88605201e-001,
       -1.01947498e+000, -1.97812930e-001, -4.09439772e-001,
       -9.77927566e-001, -3.97943258e-001, 1.01029456e+000,
       -8.83027852e-001, 6.01199389e-001, 1.76486313e-001,
       9.94154155e-001, 9.72764850e-001, 4.00206685e-001,
       9.28962529e-001, -5.24146199e-001, 1.05968761e+000,
       -1.54746687e-002, -1.45010099e-001, -1.07785535e+000,
       8.03660810e-001, -6.86809659e-001, 4.30468112e-001,
       -9.61665511e-001, -1.07135689e+000, -1.69200748e-001,
       -1.00698724e-001, -1.03488231e+000, 1.01705790e+000,
       3.23342010e-002, 7.20841646e-001, 7.50165820e-001,
       1.05921638e+000, 1.86061516e-001, -1.36208862e-001,
       1.02320564e+000, -2.22547621e-001, 1.06861591e+000,
       -2.77605772e-001, -1.03144801e+000, -9.87020671e-001,
       3.40965122e-001, 1.02661169e+000, 5.74743040e-002,
       1.02216721e+000, -1.47617742e-001, 9.78604615e-001,
       -2.39104137e-001, -7.51524031e-001, 6.74172878e-001,
       -2.64916450e-001, -9.97744501e-001, -6.63491607e-001,
       7.71798730e-001, -9.18101668e-001, -5.14818668e-001,
       9.17716742e-001, -4.01849031e-001, -3.43478322e-001,
       -9.96165991e-001, 1.02922285e+000, -7.94288442e-002,
       9.02194023e-001, 4.63164508e-001, -3.97451192e-001,
       -9.54307079e-001, 8.69008720e-001, -6.09428883e-001,
       -1.08028793e+000, 5.76058403e-002, -7.78845429e-001,
       7.29717791e-001, 1.54286427e-002, 1.01081109e+000,
       2.12853298e-001, -1.05414081e+000, -5.81936955e-001,
       -8.83719325e-001, -1.06865430e+000, 2.17138901e-001,
       1.06735456e+000, 1.41346842e-001, 9.86201763e-001,
       2.50977039e-001, -7.89499462e-001, -6.98688209e-001,
       -1.53374419e-001, -1.07194769e+000, -2.09270418e-001,
       1.07823265e+000, 3.43182266e-001, -9.91927862e-001,
       7.68465877e-001, -6.58640325e-001, -7.28188932e-001,
       -7.74688005e-001, -1.25388131e-001, 1.07078516e+000,
       -6.66267991e-001, -7.82475293e-001, 5.63856781e-001,
       9.42008138e-001, -9.16698813e-001, 5.84621549e-001,
       -2.28223592e-001, -1.04280961e+000, -1.08758795e+000,
       1.30491734e-001, 1.02804041e+000, -3.15865666e-001,
       -2.31898949e-001, 1.01233685e+000, -9.72898245e-001,
       3.94993871e-001, -6.69718087e-001, 8.36134017e-001,
       4.97063756e-001, 8.97726238e-001, -8.86491835e-001,
       -6.23596072e-001, 9.29844201e-001, -4.46351558e-001,
       -7.56009698e-001, -7.13870168e-001, 7.16377556e-001,
       -7.93495953e-001, 6.26930892e-001, 8.29262435e-001,
       -4.79845673e-001, -8.97652030e-001, -2.82569915e-001,
       9.64015841e-001, -9.34821844e-001, -4.18839186e-001,
       -6.46282256e-001, -8.70733917e-001, 8.43103111e-001,
       -5.56764245e-001, 5.92691064e-001, -8.58263314e-001,
       -6.57381415e-001, 8.05807412e-001, 1.05799675e+000,
       8.63537118e-002, 1.03150296e+000, -3.13316286e-001,
       -9.88840878e-001, -2.62947291e-001, -1.04750037e+000,
       2.29336172e-001, 2.19879821e-001, -1.05913663e+000,
       -9.09471929e-001, 4.57798749e-001, 5.21905065e-001,
       -9.47568178e-001, 5.87702990e-001, 8.53446424e-001,
       2.47372892e-002, 1.07599378e+000, -1.01409876e+000,
       3.71548593e-001, -4.12558973e-001, -9.53076601e-001,
       2.56132454e-001, -1.05657077e+000, -4.52867240e-001,
       9.60288823e-001, -7.00277567e-001, -8.32935929e-001,
       -1.08683038e+000, 1.12397209e-001, -1.07436419e+000,
       -3.73910703e-002, -7.39770234e-001, 7.81087875e-001,
       -1.03573143e+000, 1.92875886e+000, 2.01743078e+000,
       2.38300294e-001, -7.70345211e-001, -2.04882216e+000,
       -1.88339233e+000, -7.64025688e-001, -1.02486670e+000,
       1.73007619e+000, -1.45567596e+000, -1.62720215e+000,
       -1.97585452e+000, 4.27137524e-001, -2.10457277e+000,
       -5.85498095e-001, -5.79867780e-001, 1.93847096e+000,
       -2.43436113e-001, 2.07899213e+000, 5.78451991e-001,
       1.93461382e+000, 1.70566583e+000, -1.18845260e+000,
       -2.09984851e+000, -2.12528929e-001, -1.89211309e+000,
       9.62754190e-001, 2.81074822e-001, 2.18023992e+000,
       -1.89186203e+000, 8.45649004e-001, -1.49517262e+000,
       1.57223117e+000, 6.47497773e-001, -2.03641605e+000,
       1.16846406e+000, 1.66026866e+000, 7.84778655e-001,
       -1.92493272e+000, -1.29798508e+000, -1.58549130e+000,
       -1.81595504e+000, 1.02092397e+000, 1.98772371e+000,
       5.64212561e-001, 1.52906701e-001, 2.06432390e+000,
       1.74965775e+000, -9.93504047e-001, -7.12440848e-001,
       -2.06623268e+000, 2.01749825e+000, -2.20769778e-001,
       -9.99532461e-001, 1.92199099e+000, 1.71945453e+000,
       -1.11858368e+000, 4.22313362e-001, 1.98285770e+000,
       1.54569244e+000, -1.34172451e+000, -3.88073653e-001,
       1.98959374e+000, -6.73482299e-001, -2.02681994e+000,
       -1.82882082e+000, 8.19167733e-001, -3.70519489e-001,
       2.16731930e+000, -1.49513376e+000, -1.33538938e+000,
       1.88165557e+000, 9.71527457e-001, -1.78615510e+000,
       -1.18266666e+000, -1.17284882e+000, 1.67719471e+000,
       1.85436141e+000, -8.72944057e-001, -2.08594418e+000,
       -4.26114857e-001, 1.14302158e+000, -1.73554921e+000,
       -1.80314571e-001, -2.11104727e+000, -1.26534367e+000,
       -1.55755639e+000, -2.03321743e+000, -6.27101166e-003,
       -1.62294114e+000, 1.29485810e+000, -1.13891661e+000,
       -1.71893382e+000, -1.15914202e+000, -1.74764907e+000,
       -9.20161843e-001, 1.93278325e+000, -1.79980493e+000,
