%YAML:1.0
points: !!opencv-matrix
   rows: 800
   cols: 2
   dt: f
   data: [ 4.71808195e-001, -2.44401366e-001, -3.00999314e-001,
       -1.44770756e-001, -6.63170442e-002, 4.71305341e-001,
       -3.30166449e-003, 1.13135725e-001, -3.75361383e-001,
       3.18020552e-001, -4.32427019e-001, 3.29569906e-001,
       3.16977412e-001, -1.41040564e-001, -5.96750043e-002,
       -5.64367414e-001, 6.46029487e-002, -9.91194472e-002,
       -1.88190229e-002, -1.39911175e-001, -8.24538544e-002,
       1.86324745e-001, -3.33126299e-002, -2.11129077e-002,
       -1.02681011e-001, -2.57522076e-001, 6.02979995e-002,
       -3.07430476e-001, -3.60582232e-001, -8.12126175e-002,
       3.23256433e-001, -4.84950952e-002, 4.24836064e-003,
       -9.93479714e-002, 2.75280457e-002, 2.56345533e-002,
       3.43930364e-001, -1.57700434e-001, -7.25112483e-002,
       -4.24540341e-001, -9.49583352e-002, 6.72214866e-001,
       1.58176094e-001, 9.64738578e-002, -4.93351966e-001,
       -3.99473101e-001, -1.22127004e-001, 1.99885443e-001,
       -1.68455839e-001, 2.59222724e-002, 3.12259868e-002,
       5.77159263e-002, -2.93017358e-001, 1.91606879e-001,
       1.00535043e-002, -1.36524513e-001, -3.23668830e-002,
       1.16285577e-001, -2.80176461e-001, -8.98197591e-002,
       -4.73322600e-001, 4.43626404e-001, -8.65992680e-002,
       -2.14483500e-001, -3.75917822e-001, 1.84922516e-001,
       -1.42775759e-001, -6.13804311e-002, 4.88685399e-001,
       3.01757529e-002, 7.49110430e-002, 8.42007436e-003,
       2.37374920e-002, 4.96080890e-002, 1.58983722e-001,
       7.86747877e-003, -1.30355032e-002, -1.10216640e-001,
       1.18680157e-001, -1.12093449e-001, 1.86487176e-002,
       4.68549252e-001, 2.67145276e-001, 3.78741950e-001,
       -1.81316525e-001, 9.74598303e-002, 5.14019802e-002,
       -3.02436799e-001, -4.36884850e-001, -1.69976041e-001,
       7.14072883e-001, 2.86367089e-001, -9.06792805e-002,
       -3.20650786e-001, 1.35333136e-001, 3.95270079e-001,
       -2.85112280e-002, 1.72179058e-001, -1.83537640e-002,
       -1.28446639e-001, -3.43273610e-001, 3.81334692e-001,
       9.31356624e-002, -9.08629317e-003, -1.12632148e-001,
       -1.64235577e-001, -5.12958765e-002, 1.68360472e-001,
       -2.31886610e-001, -6.40929639e-001, 7.35571265e-001,
       -5.28132804e-002, -8.39429945e-002, 2.69466698e-001,
       3.32545310e-001, -1.54801428e-001, -2.47982711e-001,
       9.93017927e-002, 2.68732786e-001, -4.24690843e-001,
       -1.72799155e-001, -9.22455639e-002, 4.33793396e-001,
       -2.33459219e-001, 4.63877559e-001, 4.02691327e-002,
       -2.92948008e-001, -2.42829174e-001, -3.23985487e-001,
       7.51136020e-002, -9.13338214e-002, -2.46268854e-001,
       -4.33361270e-002, -3.83056863e-003, 2.06027970e-001,
       2.29277343e-001, -5.79552203e-002, -1.14191011e-001,
       2.50370651e-002, -1.74815103e-001, 1.50750697e-001,
       3.03885102e-001, 1.50412908e-002, 1.69895157e-001,
       2.05562085e-001, 2.85351396e-001, -5.92495501e-002,
       8.88975412e-002, 1.68958500e-001, -5.07214189e-001,
       5.49228430e-001, 1.94473535e-001, -7.77768865e-002,
       -1.64009854e-001, 4.26307619e-001, 2.04001162e-002,
       3.10217053e-001, -4.98175621e-001, -2.48500958e-001,
       -2.15898603e-001, 5.05850971e-001, -2.44176373e-001,
       -4.20187451e-002, 1.19508356e-001, 1.00772485e-001,
       -3.67246330e-001, -7.78605193e-002, -3.18143159e-001,
       -2.53586948e-001, 4.49912906e-001, -2.41003394e-001,
       -1.35021791e-001, 9.21507627e-002, 3.07433069e-001,
       1.74277816e-002, -3.01000953e-001, -2.27168679e-001,
       -3.67977545e-002, -4.36947532e-002, -1.19044967e-001,
       2.38880411e-001, 3.19017023e-001, -4.47299518e-002,
       7.98016265e-002, -6.60806775e-001, 3.06394249e-001,
       1.83760107e-001, -4.57588196e-001, -2.70791084e-001,
       1.61155283e-001, -7.76199400e-002, -1.88773885e-001,
       5.37401497e-001, 9.34155509e-002, -1.43311685e-002,
       -3.41152251e-001, 4.42057014e-001, 1.76412314e-001,
       -5.47044165e-002, 6.42347157e-001, 9.45236012e-002,
       3.53284746e-001, 2.63555888e-002, -2.48323474e-002,
       2.84873128e-001, 4.71564442e-001, -3.79599094e-001,
       1.27260804e-001, 2.97453910e-001, -1.68905571e-001,
       5.49246222e-002, -1.55329436e-001, 3.00208539e-001,
       3.47215712e-001, -1.59334272e-001, 6.93823174e-002,
       2.05234453e-001, -4.50155511e-002, -2.10210249e-001,
       -1.76168531e-001, 1.69501424e-001, -2.80768514e-001,
       2.50146270e-001, -4.45817411e-001, -2.58420438e-001,
       2.24967122e-001, -1.85286388e-001, -1.20917775e-001,
       2.91645139e-001, -2.24908032e-002, -1.38213634e-001,
       -5.91635466e-001, -2.67971933e-001, -2.59272784e-001,
       1.15580022e-001, 2.85450101e-001, 1.53554469e-001,
       -2.32415780e-001, 2.03877598e-001, -5.10016799e-001,
       -8.85930955e-002, -1.06198424e-002, -3.89561743e-001,
       -1.74284428e-001, -5.78280725e-002, -3.96712154e-001,
       -2.93810338e-001, 3.15157473e-001, 3.72642666e-001,
       -2.83414591e-003, 2.57456541e-001, 1.16084635e-001,
       1.34872794e-001, 3.88004452e-001, 2.17863679e-001,
       5.47004938e-002, -2.10974067e-001, -3.00056547e-001,
       4.59605679e-002, 4.91146863e-001, -4.37043458e-002,
       1.87745422e-001, -2.56942719e-001, 3.94494623e-001,
       -1.93345651e-001, -4.66172583e-003, -5.35872102e-001,
       3.36510688e-001, -3.40760022e-001, -2.01680183e-001,
       -4.85485196e-002, -7.56051019e-002, 3.02909523e-001,
       -1.95516258e-001, -7.13994494e-003, -1.58926204e-001,
       -3.83781254e-001, -1.50196820e-001, -4.95880283e-002,
       -1.53383240e-001, -1.16384596e-001, -2.79874504e-001,
       -4.31916803e-001, 7.78992176e-002, -1.61969602e-001,
       8.82584974e-002, 7.09156021e-002, -2.52032310e-001,
       3.91815603e-002, -1.41369760e-001, 1.69439927e-001,
       6.10393519e-003, 3.86734933e-001, -1.87686205e-001,
       -1.54899787e-002, -1.66014090e-001, -2.80895084e-001,
       2.00955003e-001, -1.49349064e-001, -2.60678679e-001,
       1.15002289e-001, 3.42762828e-001, 2.18200386e-001,
       1.72490537e-001, 3.62249076e-001, -1.82686411e-002,
       6.36224151e-001, -7.59030282e-002, -2.60799259e-001,
       1.58386782e-001, -4.07351166e-001, 3.10601413e-001,
       -3.54992272e-003, 9.63333696e-002, -2.12547973e-001,
       3.85485739e-001, -8.69715437e-002, -1.54722705e-001,
       6.63916096e-002, -1.93102404e-001, -2.82477379e-001,
       -1.54300481e-001, 3.60286802e-001, 6.62649646e-002,
       6.96436316e-002, -5.65599510e-003, 2.66917735e-001,
       4.18950200e-001, -1.42814055e-001, 4.71004456e-001,
       -2.82587051e-001, -8.00382420e-002, -4.84992713e-001,
       7.01149106e-002, 3.12805139e-002, 4.24521774e-001,
       -7.54178762e-002, 6.21596240e-002, -3.14063102e-001,
       -2.96605248e-002, -5.55623090e-003, -8.14724803e-001,
       3.23635042e-001, 9.91457552e-002, -1.47797223e-002,
       4.41222727e-001, -4.61882532e-001, -8.53540674e-002,
       6.04909770e-002, 5.11298887e-002, -9.47302952e-002,
       3.47044647e-001, 6.40333667e-002, 2.00124949e-001,
       2.52065569e-001, 1.82726115e-001, 1.46049811e-002,
       5.25188632e-002, -1.70839563e-001, -2.56588191e-001,
       -3.22615087e-001, 2.54060358e-001, -1.61752969e-001,
       -3.24830621e-001, 1.79030284e-001, 2.37786591e-001,
       1.42311543e-001, -9.59410071e-002, 2.61417008e-003,
       2.12680638e-001, -1.59559637e-001, 6.66012987e-002,
       2.78850228e-001, -4.40900743e-001, 4.02784795e-001,
       1.98520079e-001, -3.64781082e-001, -6.12377748e-003,
       -1.00223623e-001, -1.17342219e-001, 6.69905096e-002,
       -2.61572182e-001, 4.35692072e-001, 2.99654484e-001,
       -1.85062438e-001, -2.47744471e-001, 3.17700624e-001,
       2.72399783e-001, 7.91170001e-002, -2.70522624e-001,
       1.93956330e-001, -4.32903647e-001, -2.09474325e-001,
       -8.86245223e-004, -2.55075872e-001, 2.23687604e-001,
       -3.52774769e-001, -4.60136503e-001, -5.70168018e-001,
