%YAML:1.0
points: !!opencv-matrix
   rows: 900
   cols: 2
   dt: f
   data: [ 7.68661872e-002, 2.93809086e-001, 3.07101128e-003,
       7.79472649e-001, -1.65865533e-002, 8.77560973e-001,
       -9.08092596e-003, 3.87811661e-003, 1.19191809e-002,
       9.16068673e-001, 6.40239716e-002, 5.79642057e-001,
       3.92012261e-002, 3.41281533e-001, -6.85103089e-002,
       1.44157946e-001, 1.95540674e-003, 3.40886205e-001,
       -2.09748019e-002, 8.55483532e-001, 1.44703016e-002,
       7.31218636e-001, -4.87063341e-002, -1.48096085e-002,
       -4.33952287e-002, 4.89009589e-001, 1.66487396e-002,
       2.34652281e-001, -1.24649957e-001, 4.60066050e-001,
       4.25263541e-003, 7.35652685e-001, 5.24854250e-002,
       1.00111890e+000, -2.17776541e-002, 3.22136015e-001,
       -5.43959327e-002, 1.43998325e-001, -2.94061191e-002,
       6.01302862e-001, -2.65544560e-002, 9.62552190e-001,
       6.88994676e-002, 2.46969074e-001, -2.55127586e-002,
       1.62723303e-001, -5.25729433e-002, 5.22203445e-001,
       -4.10874896e-002, 3.31748068e-001, 1.95662640e-002,
       8.75962257e-001, 3.27476561e-002, 4.30629551e-001,
       -1.32004872e-001, 7.15155959e-001, 1.28330633e-001,
       7.65042901e-002, -5.33462279e-002, -1.57029927e-001,
       -6.04102612e-002, 9.20292139e-001, -2.00336259e-002,
       7.85934925e-003, 6.76582456e-002, 4.60380018e-001,
       -4.89787720e-002, 7.21153677e-001, 1.14928866e-002,
       5.85466266e-001, -1.36981849e-002, 3.21963519e-001,
       -4.58458578e-003, 5.40330350e-001, 4.20531221e-002,
       4.45335865e-001, -3.58432122e-002, 3.49726737e-001,
       2.72636563e-002, 2.47726530e-001, 5.86211979e-002,
       5.19778907e-001, 6.68485537e-002, 3.75832677e-001,
       1.92269888e-002, 7.18660593e-001, -5.40187843e-002,
       2.66547441e-001, 3.45718823e-002, 9.19424295e-001,
       4.54257242e-002, 4.74166453e-001, 2.72214767e-002,
       6.48454189e-001, 3.79132922e-003, 4.90342170e-001,
       -4.51433361e-002, 6.33584738e-001, -5.47600500e-002,
       3.76691371e-001, 2.28474196e-002, 9.79137599e-001,
       2.50147213e-003, 4.44320351e-001, -9.45269242e-002,
       7.07177937e-001, -7.50772804e-002, -8.40542316e-002,
       -4.94642630e-002, 8.83358121e-001, -4.98651294e-003,
       2.34435558e-001, -9.86340493e-002, 6.73965037e-001,
       3.48472372e-002, 3.69466186e-001, -1.29795838e-002,
       3.81875277e-001, -1.48465652e-002, 7.44133711e-001,
       -1.05865663e-002, 6.30029917e-001, -9.98231955e-003,
       1.05032742e+000, 5.94117753e-002, 3.44767034e-001,
       1.51248500e-002, 2.26911843e-001, 7.14020953e-002,
       -2.13803828e-001, 1.83994193e-002, 3.41079533e-001,
       -3.24982293e-002, 3.06412935e-001, -2.76836101e-002,
       6.22927368e-001, 1.83132626e-002, 5.29868364e-001,
       2.63335295e-002, 1.79227591e-002, 1.92056932e-002,
       4.35907871e-001, 8.59184004e-003, 3.25606167e-002,
       4.56044003e-002, 5.49557328e-001, -1.33021893e-002,
       8.13670158e-001, 4.90889652e-003, 4.71609324e-001,
       1.21389985e-001, 3.50173771e-001, 5.08307926e-002,
       6.51684940e-001, 4.72176187e-002, 7.83747077e-001,
       3.55777964e-002, 4.53883231e-001, -2.95312833e-002,
       4.03293550e-001, 6.60771653e-002, 1.24997020e-001,
       -7.99595639e-002, 1.93018377e-001, -8.20218846e-002,
       7.29527593e-001, -2.53406749e-003, 2.84473956e-001,
       -2.92979972e-003, 6.75659418e-001, 6.51010051e-002,
       1.05157399e+000, -2.44345739e-002, 3.49071383e-001,
       -2.99566779e-002, 7.94137955e-001, 6.38465211e-002,
       1.27386510e-001, 2.36728974e-002, 7.40151227e-001,
       7.40699023e-002, 4.71475631e-001, 1.77436676e-002,
       4.72266018e-001, 5.42108677e-002, 5.72983801e-001,
       -2.44205091e-002, 6.89736187e-001, -1.32199442e-002,
       6.40473247e-001, -2.25360263e-002, 3.35108697e-001,
       3.14269103e-002, 6.01013243e-001, -1.06007256e-001,
       3.04050386e-001, 1.04055636e-001, 2.95331925e-001,
       -1.33277690e-002, 5.56682944e-001, -1.00051146e-002,
       3.45659733e-001, -4.61837575e-002, 6.48506045e-001,
       -4.02407460e-002, 7.12512851e-001, 2.79592127e-002,
       4.86161888e-001, 1.02909766e-001, 5.55450141e-001,
       -1.97598394e-002, -1.43773079e-001, -3.83340418e-002,
       8.43942583e-001, -1.15930691e-001, 4.65045393e-001,
       -4.79006469e-002, 6.44891500e-001, 6.83913752e-003,
       3.51352513e-001, 6.22634552e-002, 6.84157908e-001,
       -9.94587913e-002, 2.48490244e-001, 7.44645149e-002,
       3.44909847e-001, 1.94527470e-002, 3.37874830e-001,
       3.30284685e-002, 3.22308034e-001, 8.71263910e-003,
       1.43386424e-001, -4.51480485e-002, 3.92011911e-001,
       2.17390265e-002, 8.60165536e-001, 1.30285159e-001,
       4.44980234e-001, -1.83893628e-002, 6.82550073e-001,
       -2.36247741e-002, 3.04152191e-001, -3.50124948e-002,
       7.27131188e-001, 4.45688628e-002, 8.75260770e-001,
       3.55774648e-002, 3.54027450e-001, 2.28054263e-002,
       1.58305258e-001, 3.20373327e-002, 6.92300439e-001,
       8.62189308e-002, 4.95401263e-001, -3.57102836e-003,
       7.41954803e-001, -3.90304029e-002, 3.85771275e-001,
       -5.82068823e-002, 6.65649414e-001, -2.69052070e-002,
       3.21746439e-001, -3.57544199e-002, 3.23045492e-001,
       2.80429106e-002, 4.54517245e-001, -1.04998238e-002,
       4.51077074e-001, 5.81752229e-003, 8.91069174e-001,
       7.17661008e-002, 8.76694083e-001, -4.36040722e-002,
       7.35814154e-001, -1.31867072e-002, 9.75054502e-002,
       2.44931821e-002, 5.66836655e-001, -3.89521122e-002,
       3.70131642e-001, 3.94031815e-002, 4.73300219e-001,
       4.65431102e-002, 4.63241905e-001, -1.00302873e-002,
       7.04283655e-001, -1.92740578e-002, 3.90215456e-001,
       6.26181299e-003, 5.78801036e-001, 1.92180499e-002,
       3.57663035e-001, -6.04108535e-002, 7.77038932e-001,
       -2.56023239e-002, -3.17591429e-003, 3.17918584e-002,
       7.97110915e-001, 5.22023812e-002, 6.23676538e-001,
       1.87606271e-002, -3.91573906e-002, 2.53063589e-002,
       8.49433005e-001, -3.87376025e-002, 1.92589670e-001,
       -2.37499407e-004, 3.52821797e-001, -3.70080583e-002,
       5.99301815e-001, 2.55984068e-002, 3.20317447e-001,
       6.29758164e-002, 4.17449504e-001, -1.05477750e-001,
       3.06518734e-001, 2.79854666e-002, 2.32894987e-001,
       3.23224403e-002, -1.18368745e-001, -6.05342388e-002,
       6.93358600e-001, -6.20550476e-002, 3.22633594e-001,
       3.86032350e-002, 6.07163787e-001, 7.00645447e-002,
       5.67670107e-001, 1.18216209e-001, 6.54500186e-001,
       3.87205184e-002, 4.20636415e-001, -4.17532474e-002,
       6.53793216e-001, 5.42663150e-002, 4.40510780e-001,
       7.58562461e-002, 1.24794871e-001, 2.26003770e-002,
       4.58770335e-001, 4.85989414e-002, 6.07374430e-001,
       1.50065124e-002, 2.92987883e-001, -6.06950223e-002,
       4.74566162e-001, -3.60604264e-002, 2.94661224e-002,
       -7.20740631e-002, 9.46059227e-001, 4.32237312e-002,
       5.71409881e-001, -3.92733514e-002, 4.25228119e-001,
       7.22078979e-003, 3.94025177e-001, 5.41426651e-002,
       2.17636794e-001, -3.44691356e-003, 9.85244036e-001,
       1.01543151e-001, 6.83011591e-001, 1.27414642e-002,
       -6.48874044e-003, -4.94207144e-002, 5.05520165e-001,
       -1.36502787e-001, 4.51274276e-001, 7.00730074e-004,
       3.26465726e-001, 5.62490837e-004, 4.36080813e-001,
       3.52230854e-002, 6.88887835e-001, 3.35743055e-002,
       2.71780789e-001, -2.89815050e-002, 3.53229403e-001,
       -1.29670843e-001, 1.06850243e+000, -1.76424645e-002,
       3.70110750e-001, -2.99570654e-002, 4.82443184e-001,
       2.10389197e-002, 5.17408073e-001, -4.42410558e-002,
       2.77308643e-001, 3.07507962e-002, 9.72935677e-001,
       -1.54955313e-001, 5.48608601e-002, 3.88978906e-002,
       2.29277223e-001, 5.96677735e-002, 3.76713157e-001,
       8.44585299e-002, 6.20621860e-001, 4.61371057e-002,
       6.47807300e-001, -1.72826219e-002, 8.36462140e-001,
